Weights
w1
1,3865372,1,5756001,1,7251761,1,9693717,1,3914372,1,25402,1,8284891,0,24321362,0,35880768,
2,2081025,-1,4965404,2,1780708,-0,23448446,-1,92172,1,315837,1,419479,-0,55096287,1,0594311,
-0,6032176,0,1884037,0,8877435,-0,6393323,-1,5680045,-0,3470761,1,2132429,-4,1118884,-2,0812418,
-1,0008925,-0,97632223,0,8048119,1,2969041,2,0650682,1,8622376,-2,5027268,0,5566005,4,47042,
-1,9012257,1,4309857,-0,18048848,2,788863,-1,5794237,6,03923,2,19661,-2,0555503,1,6290705,
-1,6884669,0,6448201,0,19008026,1,5489707,-0,67457753,1,1795396,0,49330676,-0,6461631,1,0855832,
-2,1214852,1,3767703,-1,3317606,3,228127,1,5947849,2,3636906,-0,4199028,-0,45851305,-0,9054943,
0,73589075,-0,8107672,-0,48639357,1,5485061,0,51734924,-1,8835336,-0,67168987,-1,8330913,-1,3508782,
1,2922868,0,85585284,0,3068804,-2,2223475,0,06794691,2,8836782,2,1125083,0,52447927,-1,6662233,
w2
0,4329833,0,20435657,0,6411654,-0,5535599,0,9250695,-0,9549338,0,43115768,0,41637832,-0,28942826,
-1,2980828,-0,046547756,-0,3774833,-1,218727,-0,5394621,-0,7646308,-1,141465,1,3318758,2,0663657,
-0,8653977,-0,29444256,0,8945202,-0,4144225,1,6557627,0,42239368,-0,28117567,-1,364838,2,2508163,
0,94982946,-0,122082874,0,9631164,-2,3720963,-0,42980883,1,1433136,1,878956,-1,1582645,-0,56402946,
-2,7551987,2,3189788,-1,4133894,-0,5392443,-1,8499207,0,684162,-1,1844034,-0,04350421,-1,0800265,
0,51711535,-1,7903247,0,29973173,-0,98671037,-1,0921417,-2,573999,-2,2959929,-0,94314593,-0,5697517,
0,46088588,-0,32818046,-0,4002149,2,3721054,2,186825,1,2870841,-0,5110571,0,6938201,-1,3990054,
0,81837726,1,2565649,0,30156425,-0,5468981,0,2723934,-2,7303352,-0,9430007,3,6157787,4,0869603,
1,203953,0,4056964,-0,89937365,0,14292662,1,1840309,0,28702855,-0,74320126,-4,3250628,-0,9111148,
w3
-0,54983073,1,1157581,1,0136646,-0,1462544,-0,028660566,2,5292795,-0,2862376,-0,48174688,-0,49187797,
0,3441877,0,6957396,-0,6471227,-0,195573,-1,7056471,1,0338602,0,112999395,-0,14747559,-1,1415522,
0,072989106,-1,6537347,2,412316,-0,6210066,1,1665425,0,6137093,0,09576425,1,476809,3,231333,
-1,2786953,0,27119672,-1,4670827,-1,114439,-0,2970174,0,2681724,-2,2727108,-3,4646173,-0,03957936,
-0,42411488,0,61225986,0,2115322,1,3332826,0,885756,0,4511022,1,9753634,0,8533441,0,41528136,
0,5873331,-0,29440743,0,1492907,-0,011984423,1,1995227,0,534188,-0,6772764,0,13259743,1,5293556,
-1,811252,0,9684131,-0,81467766,-2,3300297,-0,6032938,-1,5831352,1,2993765,0,5604333,2,506175,
-1,6736467,-1,2898177,0,9783684,1,2613193,0,71410763,0,775664,-1,6908649,-0,2902904,-1,8441393,
-2,5264885,-1,0078231,0,46525815,1,6279628,0,66579777,-1,3276924,0,36970556,1,1458523,-2,7415395,
mutability 
12
fitnessScore 
0

