Weights
w1
7,8515415,8,877841,-41,133247,-31,675875,-11,37524,39,11976,56,894634,-21,319962,-24,92493,
39,844593,25,77762,-26,955235,-11,991875,45,301304,-15,112018,-9,915548,-72,071465,42,387695,
9,317116,-5,2084002,18,38237,-13,018665,-6,5939913,-16,131039,67,05337,6,94341,9,35508,
26,23613,-1,7118071,-31,37661,-35,089264,49,214733,26,210945,-10,815906,-27,44305,38,95437,
-10,302555,8,616657,26,50809,-12,176494,-12,650873,35,689186,-7,729281,11,544348,-11,35343,
-76,34484,26,113182,45,056725,9,679646,-19,362165,-37,00506,-15,455069,17,186836,16,978886,
-4,5754695,-70,840546,24,884478,6,6301394,-1,1232853,2,8516078,-29,128513,24,666128,44,662476,
15,873582,28,857376,35,30156,-5,171532,3,917037,-36,706448,26,099348,-33,167152,15,876309,
-12,231503,10,811386,30,478788,-10,792132,53,63796,-37,086773,-53,90302,-3,3045485,-26,675344,
w2
47,973297,16,343876,-1,3141086,-43,37427,-18,937187,-38,73764,-3,0428195,22,950367,-5,7430954,
28,025293,-8,763268,-5,8723674,33,945503,-5,9643946,-1,719877,-13,381182,-2,7476816,12,437414,
-4,548747,33,795765,-23,922554,5,1789846,-33,34696,-42,08912,14,856652,30,505795,-20,650305,
8,125649,-2,6319752,58,422768,58,44528,13,206737,-26,967121,14,639281,-31,662045,-31,477509,
20,9665,6,959702,13,424734,12,257782,8,2618065,-25,391516,6,277337,-6,498826,20,518888,
-9,685091,-20,52768,2,331908,-7,9587774,25,244846,6,6704674,-8,140759,-1,3048651,31,186121,
56,932858,-11,591633,-7,203514,-17,259161,-16,327888,67,66507,31,44529,19,832645,33,46535,
-27,496655,-6,859651,-0,17979282,24,225815,79,2863,39,036648,92,516685,-14,567037,17,601622,
33,870834,23,52403,18,78143,12,225071,4,3373656,9,93428,-15,491674,4,50616,-8,586902,
mutability 
15
fitnessScore 
0

