12
52
9
12
10
17
6
49
4
11
4
10
14
4
11
7
4
9
3
44
5
9
41
6
14
8
6
45
41
8
7
10
6
7
10
12
37
9
16
15
7
14
13
8
39
44
8
4
42
6
3
8
4
7
5
48
7
3
3
12
14
6
7
4
9
9
6
7
39
7
8
6
2
3
6
7
3
10
20
30
12
31
16
5
7
4
12
6
11
45
6
13
8
8
10
48
42
6
5
4
6
5
12
16
37
4
5
6
8
6
8
8
7
18
6
5
6
48
6
7
11
9
9
6
3
4
10
5
7
9
6
4
7
10
13
10
15
8
8
10
5
5
4
8
6
9
5
5
8
7
8
11
6
8
12
4
12
43
11
15
4
6
24
8
12
10
9
5
7
10
13
13
3
3
9
4
16
6
9
11
5
4
9
15
5
5
6
11
26
4
3
4
6
5
4
9
5
8
7
11
7
3
6
9
19
5
3
7
14
51
44
7
12
7
12
8
9
24
10
10
6
2
5
7
5
5
9
14
5
5
35
6
6
7
5
11
4
8
5
10
11
14
8
17
3
6
9
10
12
11
50
3
5
13
8
14
5
5
10
8
5
9
12
42
6
7
5
9
8
10
9
6
10
7
7
8
5
8
45
3
17
7
38
6
8
5
6
6
14
6
6
11
12
5
15
10
7
15
8
16
8
8
4
12
12
3
7
9
6
11
5
8
46
14
10
18
13
12
15
25
9
5
5
10
11
12
45
20
6
46
6
45
2
5
3
6
38
13
4
2
8
14
10
6
48
8
3
7
6
6
5
6
18
13
7
9
10
5
18
6
11
10
9
12
9
5
10
7
14
4
10
10
4
7
14
3
6
4
4
5
13
6
6
4
6
11
11
7
6
16
13
5
34
7
3
29
7
6
6
21
43
4
34
53
6
40
6
7
14
8
6
48
43
9
9
7
5
10
2
5
15
12
39
4
3
3
22
4
6
5
4
8
7
9
6
41
38
5
11
36
9
12
10
41
4
2
12
38
6
17
12
20
6
34
5
4
11
53
6
6
6
9
4
45
5
3
7
17
3
10
4
5
9
11
7
6
12
10
34
30
7
5
46
7
10
4
5
9
7
14
5
6
3
15
8
11
4
6
9
8
10
4
7
3
14
7
39
15
42
5
13
3
2
9
6
53
6
8
8
44
7
3
37
7
11
4
15
9
3
4
43
9
5
5
7
8
11
4
6
6
14
2
3
14
7
11
4
23
9
5
8
5
40
41
5
15
4
9
5
9
38
11
4
8
11
35
30
19
14
10
10
17
13
2
11
6
5
6
6
6
10
15
10
6
3
7
14
13
6
6
10
4
18
8
7
10
7
6
8
11
4
7
8
7
3
6
5
2
13
7
7
40
5
10
15
15
25
9
10
7
36
6
6
35
5
4
11
9
30
38
2
13
5
3
6
6
5
4
36
5
33
3
4
12
39
8
3
11
8
46
7
5
7
4
47
40
4
8
7
12
5
13
8
13
5
9
7
10
12
5
14
23
31
8
4
12
6
4
16
7
39
10
9
11
7
8
1
2
8
18
7
3
7
4
45
6
6
4
7
51
9
10
21
6
13
4
8
7
4
7
5
6
3
4
11
35
